-36.395904541015625 -8.096173286437988 -1.9859412908554077
36.26136016845703 -4.156730651855469 -3.579078197479248
-11.705995559692383 39.91694641113281 7.553433418273926
14.453450202941895 40.2829475402832 6.843239784240723
-12.111333847045898 13.553995132446289 35.701988220214844
13.401754379272461 15.079910278320312 35.54727554321289
-11.209928512573242 -10.648869514465332 40.51030731201172
11.64146900177002 -9.586885452270508 41.17892074584961
-23.332860946655273 52.95295333862305 -6.547132968902588
23.466018676757812 56.41547775268555 -8.469025611877441
-40.7704963684082 -82.82929992675781 -14.0634183883667
44.40296936035156 -76.84709930419922 -12.167226791381836
-3.2111289501190186 -37.636680603027344 65.9240493774414
3.120943069458008 -36.82275390625 66.57041931152344
-58.64037322998047 -12.242831230163574 13.748815536499023
57.596282958984375 -11.265352249145508 13.680419921875
-15.751106262207031 62.23505401611328 -0.4273861050605774
18.371685028076172 64.05732727050781 0.9918392300605774
-3.966815948486328 -37.02165603637695 29.895105361938477
4.501914978027344 -38.410430908203125 30.919281005859375
-9.28526782989502 -48.54045867919922 4.6586809158325195
10.484525680541992 -50.2630615234375 6.278104305267334
-3.9871010780334473 -82.1839599609375 18.627613067626953
5.438026428222656 -79.92059326171875 19.825397491455078
-51.08637619018555 12.25178050994873 4.751842975616455
52.19550704956055 10.62579345703125 2.9533934593200684
-44.25490188598633 31.041950225830078 -11.255370140075684
48.549503326416016 32.27527618408203 -8.095771789550781
-51.7442741394043 29.932872772216797 3.46333646774292
52.805564880371094 28.986780166625977 6.4981794357299805
-33.86500930786133 30.049264907836914 32.41347885131836
35.51987838745117 30.970611572265625 31.575048446655273
-6.853201866149902 25.25078773498535 56.30781173706055
7.781676292419434 27.17306137084961 56.68577194213867
-34.668373107910156 8.652681350708008 -2.2969467639923096
35.720603942871094 10.666376113891602 -2.2488675117492676
-35.58660125732422 -53.8593864440918 -17.29734230041504
34.99089813232422 -52.271812438964844 -16.207910537719727
-8.891683578491211 -75.0413589477539 -4.691105842590332
9.85584831237793 -69.39665222167969 -3.231463670730591
-21.388710021972656 -20.865325927734375 -25.92437171936035
22.42725944519043 -18.02512550354004 -26.416311264038086
-35.49309158325195 -79.08833312988281 8.711003303527832
36.527137756347656 -76.73271179199219 10.361540794372559
-12.156578063964844 -87.60270690917969 27.009891510009766
16.412433624267578 -87.28392028808594 31.05686378479004
-24.782743453979492 33.15558624267578 -9.365768432617188
24.486312866210938 32.816490173339844 -9.45396900177002
-41.779815673828125 -65.17511749267578 40.01244354248047
47.64387512207031 -60.75188446044922 39.800045013427734
-57.32489013671875 -36.82280349731445 34.28660583496094
56.5558967590332 -32.053504943847656 36.68324661254883
-20.049091339111328 -62.5297966003418 61.75333786010742
20.136371612548828 -57.55595779418945 63.5295524597168
-47.83461380004883 -22.377782821655273 58.77382278442383
47.030460357666016 -20.925769805908203 58.64427947998047
-43.939327239990234 -9.067766189575195 52.33342742919922
43.12724685668945 -6.8310699462890625 54.572349548339844
-9.04608154296875 -57.119384765625 41.58967971801758
8.4011812210083 -59.04011917114258 46.05582809448242
-3.7005653381347656 37.53401565551758 -24.432809829711914
5.289503574371338 34.64048385620117 -23.87663459777832
-6.269777774810791 16.59598159790039 -9.112493515014648
7.0173163414001465 15.652290344238281 -11.703941345214844
-47.949764251708984 -20.082042694091797 6.430502891540527
48.20736312866211 -18.774616241455078 6.197969913482666
-60.289756774902344 -16.675697326660156 -2.333278179168701
62.71245193481445 -12.782388687133789 -2.2886087894439697
-40.77931213378906 6.559034824371338 -27.363550186157227
43.756797790527344 8.399765968322754 -25.41567611694336
-55.097557067871094 -41.165809631347656 15.287208557128906
57.03727340698242 -35.28594207763672 16.27189064025879
-54.35149002075195 -38.68620681762695 -24.85637664794922
53.73955154418945 -34.85816192626953 -23.091232299804688
-63.186424255371094 -34.784324645996094 -13.257482528686523
65.50604248046875 -31.862171173095703 -12.34664249420166
-38.07267761230469 33.342002868652344 -3.308511257171631
40.52488708496094 30.496540069580078 2.3437962532043457
-43.821678161621094 22.30988121032715 8.241093635559082
45.29033660888672 21.45469093322754 8.669201850891113
-36.775917053222656 -36.870887756347656 16.121883392333984
34.76592254638672 -32.24707794189453 19.325756072998047
-18.348421096801758 -100.0190658569336 -7.064317226409912
16.41178321838379 -100.10301208496094 -5.811733245849609
-34.4491081237793 5.523751735687256 -37.192970275878906
37.05167770385742 6.236933708190918 -35.904972076416016
-22.644657135009766 -71.43878173828125 2.1682732105255127
25.017230987548828 -67.68576049804688 3.104490280151367
-32.60631561279297 -21.91777801513672 45.0994758605957
32.44115447998047 -20.555477142333984 44.590965270996094
-18.711318969726562 -39.36328887939453 44.48257827758789
18.434810638427734 -38.73370361328125 45.5325813293457
-26.49593162536621 23.401798248291016 -9.480727195739746
28.42429542541504 24.34453010559082 -6.626317024230957
-40.501380920410156 -17.541278839111328 -10.495141983032227
42.012367248535156 -16.252580642700195 -10.080915451049805
-34.14486312866211 6.010110855102539 13.903165817260742
34.290077209472656 7.464132785797119 13.1917142868042
-42.06223678588867 -20.0474853515625 -22.52060317993164
42.99187469482422 -19.15475845336914 -22.433258056640625
-25.08425521850586 -79.77513122558594 -6.508904457092285
26.53324317932129 -78.8120346069336 -7.267646789550781
-38.34490966796875 25.644393920898438 21.96658706665039
43.122398376464844 26.9626407623291 24.086360931396484
-25.84454917907715 41.56850814819336 17.17767906188965
27.84061622619629 39.56489181518555 19.697229385375977
-23.55824851989746 15.239957809448242 41.50876998901367
23.312850952148438 17.655975341796875 42.17731857299805
-48.9697265625 -51.61310958862305 29.785058975219727
50.78556442260742 -45.198707580566406 37.76014709472656
-27.744693756103516 -57.88335418701172 40.17809295654297
29.06857681274414 -56.122283935546875 43.998313903808594
-41.77499008178711 -49.735626220703125 -13.321248054504395
42.3419303894043 -50.6713752746582 -11.797487258911133
-33.725730895996094 -49.393150329589844 -9.160273551940918
35.295753479003906 -48.171669006347656 -9.869799613952637
-29.123394012451172 -83.51466369628906 2.09100079536438
31.279708862304688 -79.85472869873047 5.0943989753723145
-26.289722442626953 -78.65858459472656 13.790822982788086
27.847707748413086 -74.9940414428711 17.2359676361084
-40.13186264038086 -67.67838287353516 -0.5269023776054382
41.93132781982422 -65.50616455078125 3.6857528686523438
-23.6734561920166 35.249244689941406 -9.511979103088379
24.640390396118164 35.363075256347656 -10.166167259216309
-38.488651275634766 40.763389587402344 -2.7634918689727783
40.51475143432617 39.56873321533203 -2.4202587604522705
-13.292851448059082 26.06350326538086 -17.02783203125
14.185495376586914 24.969146728515625 -15.464775085449219
-20.291255950927734 -67.90234375 23.773283004760742
21.507715225219727 -65.11553955078125 26.250539779663086
1.5033867359161377 -9.275836944580078 27.649499893188477
0.3914515972137451 -7.704043388366699 27.65873146057129
-34.40318298339844 -33.70329284667969 42.72289276123047
35.63524627685547 -31.9184513092041 44.90236282348633
-40.39888381958008 1.4559051990509033 26.253515243530273
38.53718185424805 3.206145763397217 26.7688045501709
-25.893178939819336 -11.761791229248047 49.054527282714844
25.497894287109375 -12.16915225982666 49.51604461669922
-10.41589069366455 39.17645263671875 -12.707854270935059
9.47485065460205 40.75389862060547 -14.759504318237305
-15.538408279418945 -49.26426315307617 34.43767547607422
15.581872940063477 -49.33804702758789 36.278404235839844
-57.196563720703125 -44.1185302734375 -18.117401123046875
56.669349670410156 -42.916748046875 -14.951372146606445
-50.948875427246094 -48.61500930786133 3.109567165374756
49.34954833984375 -44.709686279296875 4.922039985656738
-49.72003936767578 -24.59945297241211 0.6036547422409058
52.037696838378906 -22.854782104492188 3.8728713989257812
-5.891942977905273 -24.237504959106445 -13.101605415344238
5.559767723083496 -24.017871856689453 -13.503416061401367
